EV_D0	EV_D1	EV_D3	EV_D5	EV_D7	EV_D9	EV_D11	EV_D12	EV_D14	EV_D16	EV_D18	EV_D20	EV_D22	EV_D24	EV_D26	EV_D28	EV_D30
"x1"	0.0408381168811257	-0.309616480047871	0.179224911792766	-0.00885357283777594	0.0255823136068606	0.0294097147061496	0.202352994587557	0.17541060200476	0.300174611187208	0.302007111004407	0.0870368334577063	0.148370917941355	-2.19694889142097	0.335605368867574	0.675924132892987	-0.41333700777834	0.426818323154502
"x2"	0.0862524632040054	0.0960362691808903	-0.424631481254441	-0.52607026902525	-0.119957498326025	-0.266887664450261	-0.524596937066992	-1.6974637637216	-0.748342472215358	1.50798040553071	0.00630221229627304	0.383170745017893	0.413026608247793	0.170244122648211	0.534471361253004	0.726261816837288	0.38420408184387
"x3"	-0.0660922758896509	-0.162984702979364	-0.0312450879038822	-0.0799543028195146	-0.100256347149723	-0.118055162100476	0.165128094032513	0.140646439314675	0.244389156233221	0.268180171166509	0.294876770889565	0.171086948937345	0.491638249310161	0.437231038114615	-2.67285118281022	0.550962952091427	0.467299241562831
"x4"	0.31142065573564	0.30684594580847	0.100886080843516	0.0430003823571366	0.00774714968152758	-0.155243696109364	0.18493518020322	-0.175829250289437	0.0794019616009934	-0.00465520429158227	-0.465568623357906	1.356160247925	-0.783452853458456	-0.873351727800699	-0.929687483701501	-0.407046970253643	1.4044382051071
"x5"	0.345990921591716	0.517413459090273	0.188824669983124	0.116200670216256	0.328595622690172	-0.114003330029837	-0.104486517725353	-0.754217730941782	-0.237128311815766	-0.164174946552434	0.501213310671645	-0.660859364527836	0.800242543640986	-0.899313107606615	-1.00459497647003	-0.315826325445641	1.45612341323112
"x6"	-0.0593466964227212	-0.498886588306322	0.203718343786935	0.0862276215960049	-0.401954861858511	0.36554455783393	0.531922029920901	0.142344928887571	0.500172746547094	0.329228217151099	-0.318792628880026	1.05951479421421	1.26381058074978	-0.829128402585459	-0.766540773709319	-0.80106477340324	-0.806769095521903
"x7"	-0.154129405266076	-0.169017901516923	0.0944840450611918	0.0509956700642091	-0.101590979990058	0.132976018973838	0.316976644682944	0.108817585381568	0.338393777681282	0.404757752130624	0.280124177974711	0.132005928298759	-0.139440934793462	0.40409492752553	0.554826125054974	0.217206290397444	-2.47147972166055
"x8"	0.0976719182961825	-0.785316129761024	0.555328934250186	0.575075844263354	0.956627715084648	0.560481402312071	0.770776980413848	0.536937972378377	0.70749284675914	0.943371914912101	-0.421501124654205	-0.645096445870017	-0.815091584745103	-0.847514373028995	-0.824651221623632	-0.51964824589831	-0.844946403088632
"x9"	0.356975560857593	0.180909793091085	0.0315427245864994	-0.0956357262009089	0.306940663264714	0.0808104795201498	-0.219382793033081	-0.855802065602785	-0.359284949103877	-0.286641793843977	-0.748798329772606	0.263533498299273	1.09785164281765	-1.05299303874212	-0.923959698122962	1.20840480659557	1.01552922538977
"x10"	0.0866075949521668	0.168244675957213	-0.402663773366401	-0.447262094863349	-0.0252998882345141	-0.352235347857649	-0.584107149295288	-1.53700464540759	-0.690762558745026	-0.476973251300293	0.0873794143809007	0.366671614144226	2.09005139304469	0.267387558361346	0.410355555343789	0.737171993539029	0.302438909346746
"x11"	-0.113864680092988	0.119543044809112	-0.607947102421347	-0.794661538458284	-0.282275028073915	-0.557540313725794	-0.455511054153655	1.0764948469444	-0.694659082478336	-0.622047686397418	0.040651261666221	0.443775655322717	0.283640421085979	0.321557588004903	0.479628872480625	0.931381028010447	0.431833767477342
"x12"	0.0293788450285816	-0.109771062846314	0.0799123939116979	0.12170195156579	0.0710961847460423	0.156493990429463	0.477430683027813	0.217809484160258	0.459477509560053	0.492341301001368	0.308176485486521	0.380850947801494	0.397003427119578	-1.84083150018325	0.761460832437577	-0.269064067238493	-1.73346740600816
"x13"	0.0219692891026786	-0.166706260532712	-0.401522762496981	-0.496053760555818	-0.309140204893918	-0.34619784170313	-0.426672738368188	-1.01212141049263	-0.438155722171475	-0.342838090755589	-0.049041122126232	-0.640624074191945	0.661435242393016	1.10938825497634	0.953856081606824	1.22497756607894	0.657447554130809
"x14"	0.262574176297719	0.39984510373813	-0.234402297859967	-0.351269446871836	0.202710963266917	-0.116460847368398	-0.417500122189416	-1.41458366233161	-0.728588632328346	-0.296257094834153	0.30606270550133	0.801487224301124	0.698399978867629	-1.64307638930147	0.941900393643451	0.801729049791274	0.787428897677636
"x15"	-0.385144015307525	-0.435261265484671	-0.352557669245898	-0.321393299721516	-0.247010934200925	0.145151632931457	0.162956624387144	-0.476916703557407	0.0797659986986011	0.369598945382273	0.131134667143516	0.0685784248527264	-0.227697125458928	2.22113110711508	-0.44587040000385	-0.0400708623143621	-0.246395125215709
"x16"	0.0509549894583375	0.127745027767086	-0.385988165512628	-0.365300350535195	-0.0703479612342139	-0.228935628859719	-0.559613247592961	-1.53906614697293	-0.731695633373119	-0.377663696615639	-0.00973978189436939	2.12090894572068	0.247671944417238	0.277557473870828	0.391065860861276	0.715054839875044	0.337391530620285
"x17"	0.175827759117405	0.00046438540502621	0.173889195521548	-0.140870115431376	0.0111027532312787	-2.19186591547374	0.0946738767440519	0.394064254368522	0.386099135296548	0.289066272986817	0.274326108496414	0.0131721690319422	-0.0406017191531075	0.248937788755726	0.338597205464383	-0.163475861392615	0.136592707031162
"x18"	0.36041429646753	0.267546429750518	0.0981172778184229	0.0417455859405469	0.0640748468119985	-0.290196903696294	0.0706945004411985	-0.165717407726319	-0.130483614193089	-0.0940583854427506	-0.18958443931263	-0.551512812999107	-0.584357102487463	1.41692057868837	-0.881701806339571	1.35380728898561	-0.785708332706972
"x19"	0.178059794433538	1.70038190187871	-0.435311766482918	-0.489398352859956	-0.0877311842564533	-0.350339318273271	-0.556081986376684	-1.64504717095636	-0.776778437641462	-0.443925011712682	0.111447302965458	0.561070016416872	0.384375839805276	0.300124353727472	0.532450832897496	0.582072761046854	0.434630425388098
"x20"	-0.0491491424984546	-0.18154962875423	-0.0706559858207399	-0.199994764138989	-0.287670282056168	-0.123738670857255	0.177487413670997	-0.141120382137437	0.178548205061477	0.184181040764358	0.851712094988118	-0.675596357684797	1.11340499091736	1.37601143790253	-0.718252306975244	-0.515915453153354	-0.917702209228192
"x21"	0.459245035396991	0.299156056754356	0.479931009728741	0.538619041229247	0.419220083468223	0.329780742582006	0.354554447144973	0.310138259423095	0.439550099769627	0.500132609614694	0.295763857216092	-0.0118079917913258	-1.69346474279532	0.519424848059948	-1.77302471231058	-0.710128708217194	-0.757089935273572
"x22"	1.18034435418448	1.01596778682435	1.09919792156604	0.79474682875102	0.648493667735721	0.109798932278227	-0.364855753911233	-0.748029955372898	-0.402975407758485	-0.273112132940662	-0.335460690388759	-0.0927760350232308	-0.611514592503131	-0.643060646430064	-0.526256153944449	-0.478610736942435	-0.371897386124472
"x23"	0.0226222635849453	-0.175647673790583	-0.117022093123339	-0.196718485028872	-0.211361064895084	-0.120333444740785	0.213994938790842	-0.179888757176944	0.20387611366419	0.336748548049786	0.335342431818044	0.856915163018453	-0.708598281244302	-0.825589835949318	1.8066687661835	-0.540986371646393	-0.700022217514127
"x24"	0.313128224609924	0.240131792738067	-0.188237870280785	-0.127969954353269	0.15266536313809	-0.286037033983016	-0.216275113668512	-0.853273077762755	-0.479130778471249	-0.261477732307278	0.727077077671535	0.953152083749816	0.0711054042357415	-1.1436210478226	-1.0686566856718	1.04518671957144	1.12223262860662
"x25"	-0.347283284198852	-0.573667710082196	-0.119910222359136	-0.0203817481933509	-0.165817431760252	0.387234818518661	0.522405996657969	0.384121389531678	0.745864712773775	0.794922489710258	0.598584260710789	0.368268118606277	0.211716312988824	0.34230588984467	-1.81149484719912	-1.36847701181431	0.0516082662643161
"x26"	0.53673260584103	0.281910668435251	0.480596020912107	0.468699593642836	0.382877525610029	-0.0372462386914615	0.23590841285704	0.319708393489701	0.391011322621993	0.414310960540578	0.246463429066605	0.0342312099440548	-0.127646475620485	0.00455107781359951	0.180724916117853	-1.6965985625632	-2.11623486001753
"x27"	0.245855137309188	0.284650096485452	-0.0973697667236719	-0.242418403651839	0.157009212430185	-0.189377899660103	-0.212717461324993	-0.886958775373697	-0.463964956392207	-0.46276959104016	0.565322514471551	0.469008826129166	0.780890370817684	1.15055907127028	-1.18009626422708	1.04375587927443	-0.961377989794194
"x28"	0.344700183406462	0.28611837989357	0.0187642741204109	-0.0784362729889863	0.513319304182972	-0.367293181448201	-0.0640964689708276	-0.531126205633505	-0.280308689005001	-0.375477563431955	0.902427568632489	1.13501516285157	1.21214590953291	-0.749311713997017	-0.796712143826093	-0.436818355943862	-0.732910187374925
"x29"	0.493763748857234	0.378987936295997	0.524673844823305	0.424053825139039	0.404979952641726	0.0268665193981855	0.298857107687915	0.149647619691564	0.129800960694657	-0.0573390291372396	-0.42549297254103	-0.998476129114769	0.145741172205918	1.36226964403952	-1.14455010711911	-0.734969458636602	-0.978814634926325
"x30"	-0.0734889855415913	-0.180118717005447	-0.0657767350216066	-0.0579628271892567	-0.651116705668416	-0.536928463955064	0.623644842644588	0.519888604313707	0.857457745135052	0.806335902655768	0.865351408935565	-0.438222312735669	1.0261615033074	-0.855868506633996	-0.803890600742969	-0.382288842501786	-0.6531773099963
"x31"	0.383547460834774	-0.218054098998668	0.520367481752811	0.439636989892443	0.422784830763235	0.178474939718868	0.585441770829289	0.49852886628446	0.582641276834444	0.614521699541436	0.340222825683839	-1.08836606720311	0.92158509581373	-0.998549403381557	-1.12094594548956	-0.958883610164096	-1.10295411271234
"x32"	-0.130879478556217	-0.277241971499048	-0.389850962309243	-0.46079761386971	-0.217775933046219	-0.237480652897481	-0.201402593121996	-0.551316022666872	-0.249964734053945	-0.151009519896848	0.15726637498469	0.127749922945236	0.0898650688032866	-0.128786058569421	0.071245028739099	0.14534866333272	2.40503048168196
"x33"	0.126692089866058	0.175151441224792	-0.266568530777981	-0.400285768091316	0.0847528410006721	-0.150671306400004	-0.357934924583118	-1.23957271076027	-0.609418502031943	-0.249933872125759	0.269139973057031	0.519307177512219	0.558616038991376	0.870066617463235	1.08709707851797	0.945091404968789	-1.36152904783176
"x34"	0.13268419392859	0.345845282273039	-0.47582274399436	-0.606477764341934	0.158134699667185	-0.15063554465478	-0.751583318400306	-2.20876331212472	-1.16897975831927	-0.452388595379458	0.219622288263668	0.79132779751526	0.684205942517235	0.722557918966032	0.981720631998466	1.02150302171683	0.757049260368523
"x35"	0.272476062198091	0.123507717231519	-0.0395138322582006	-0.0430362973384542	0.0909886308270958	-0.219620794482746	-0.0180294541157472	-0.598636413481433	-0.253390595825798	0.116263858273802	-0.721482235590131	0.910534555544171	1.08916931186143	1.29871617518014	-0.971740718297997	-0.20774594886055	-0.828460020865197
"x36"	-0.322836257391573	-0.472578375432139	-0.519378942448387	-0.594061876373613	-0.687065989618488	-0.835903896428691	0.169554112909495	0.249092432765331	0.469451659530714	0.445999503988054	0.300547364848147	1.03130762541866	0.452927238917736	0.421130188243415	-0.917074833590745	0.892349497039968	-0.0834594523778914
"x37"	0.596158604717692	0.323924947480432	0.672777171281273	0.583857492901469	0.416877238948648	-0.857234325862981	0.520481517108861	0.678664713367827	0.616013483237117	0.460479432452721	0.856474703258861	-0.809606494815014	-0.910036538961031	-0.972060068204164	-0.9640025890657	-0.269166954277328	-0.943602333568666
"x38"	0.324929866475523	0.239714141075064	-0.00389242559272388	0.0338637098562336	0.518453327349927	-0.169103985998833	0.0227399239678427	-0.506674776567994	-0.0936815917657074	0.0236036643743632	0.90224531568572	-0.754586811383359	0.902372772960466	-0.93353042123988	-0.965558713534286	1.23883631114232	-0.779730306804683
"x39"	0.512485324069272	0.235334908611748	0.531434806044563	0.476399770284776	0.361141713021575	0.00799995255319828	0.0566624386209503	0.307791995709271	0.381585284646336	0.384299477979324	0.212723664202371	-0.270427799503304	-0.168262812796325	-0.056238328919569	-0.10563605622798	-2.83415837743634	-0.033135960859837
"x40"	0.425406401568303	0.261846606244413	0.526672965684241	0.516983825895743	0.367437269577664	0.205358128032935	0.383275351773225	0.395366905676364	0.487682830657123	0.517359984304865	0.185041570146018	-0.065735212609785	0.266882095557628	-1.82379432975776	-1.85605551320713	-1.22130690296566	0.427578023421808
"x41"	0.541519489886762	0.463263243664438	0.582407997835137	0.486974116010617	0.468931654937501	-0.0117879648872303	0.322141086970013	0.402134912610802	0.329239928289853	0.410527177320296	0.020458768991931	-0.927182753422402	-1.15790381429612	-1.07168019432168	-1.11871875368773	-0.811777235918459	1.07145234001627
"x42"	0.692408861044617	0.464786382100838	0.630839931998228	0.649468175373294	0.529039892069024	0.286487737882287	0.154287719613824	0.266634364910746	0.350965787514812	0.396721609747089	0.209958681934387	-0.288075767317913	-0.0672468750893288	-0.0386537860773112	-2.2720672396502	-1.87480512354041	-0.0907503525139927
"x43"	-0.00623670647944321	0.118570511359082	0.04276096451795	0.0471759515669506	0.00036502568268216	0.258163931496777	0.373099089377711	0.193791058858978	0.383354458671913	0.451458577536538	0.251664138543079	0.479734746632321	0.20976940603751	-1.84284892602108	-1.96690069066118	0.445106742661079	0.560971720219145
"x44"	0.338870575690386	0.212107216380559	0.413755426707595	0.385259666324473	0.339522579295938	0.159456282597024	0.316377006187281	0.307813711568072	0.369265499144243	0.454488309417451	0.290228864153608	-0.0201701844570759	-0.102636179842965	-0.0706368139021274	-3.08800795680786	-0.270950561085432	-0.0347434413711742
"x45"	-0.084624118234733	-0.28220177199158	-0.21393976585882	-0.331036439805669	-0.217596713752499	2.114212287907	-0.0761035441055553	-0.811471512615737	-0.240532502453274	0.161560107268983	-0.110045916584901	-0.105902255059478	-0.0506277085184813	-0.175459062623369	-0.100799985977847	0.650749864411177	-0.126180962005218
"x46"	0.394081057032514	0.454549715249597	0.109901509254732	-0.09575830142233	-0.0457619908076604	0.774484220396263	0.0284142129042947	-0.84000505496479	-0.335411880066468	-0.109612829624581	-0.462360346088569	1.19919139317211	0.664272956912111	-0.932081517897975	-0.926537783384236	0.906932765641605	-0.784298126306629
"x47"	0.492258857391635	0.14951061578783	0.48077343507823	0.551844320019909	0.298155725282315	-0.18284550935933	0.551682627863962	0.5354097438089	0.526899348696258	0.321712258914002	-0.871202555994121	1.21338295971588	-0.892547198575715	-0.989673403117848	-0.912014384654921	-0.339085782262955	-0.934261058594038
"x48"	0.365901095660311	0.308248495476119	0.105885465596235	-0.0534658271513137	0.0968573805783162	-0.388502560533839	-0.262343458438396	-0.997257914000983	-0.432181322268483	-0.448398135816605	-0.883111862145007	0.851026631401141	0.515577035506826	1.00175475741368	-1.3121079023541	0.621457380958577	0.910660740117538
"x49"	0.129366111491146	0.303947100721693	0.0135703849665754	-0.0530314112716283	-0.0690037898292983	-0.329336251624045	-0.244017689603701	-0.893768796765013	-0.412421602924038	-0.203651068822566	0.917676617352535	0.203910541387052	0.643143084831933	-1.05635131682463	1.36640716526454	0.710019925217202	-1.02645900356774
"x50"	0.243464159999991	0.265780072309689	-0.184661315214503	-0.370353247735657	-0.0719175204292161	-0.40301066580686	-0.355787696737958	-1.27912736513144	-0.607429072912126	-0.451663385688379	-1.30555549266632	0.608323820911694	0.812502287862488	0.834226105334462	0.935668453887807	0.665204640562504	0.664336221453821
"x51"	0.261819450380098	0.317553944499733	-0.281459418581647	-0.320645992798116	0.139019482605438	0.00708685695161092	-0.434687546510058	-1.43132604890905	-0.675171927304953	-0.18037971656081	0.42577684486016	0.699795341079715	0.636620468656417	0.846085260200335	-1.65806182664904	0.866325539866149	0.781649288214013
"x52"	0.0489644455626805	-0.266601730689494	-0.030487901986321	-0.0553625459529957	-0.297977673722082	-0.381599482783077	0.250982425738727	0.216644064785444	0.365302461241693	0.429342087315283	0.322086562031145	-1.00656332682777	0.73551247508085	-1.00214349427809	-1.16608303986336	0.700892529294724	1.13709214505265
"x53"	0.61080479461716	0.612867579266777	0.555961982574348	0.463344964260658	0.702402136756183	0.400122207727595	0.370183274377955	-0.0490725734726289	0.18935810801991	0.00567991655265296	-0.50421314040565	-0.782226821912152	-0.750160436211154	-0.973272841728307	-1.02627679752065	1.12405294044952	-0.949555293352219
"x54"	0.0320030340037692	0.0123216908211091	-0.162874133724533	-0.347678308336748	-0.208669090502249	-0.035845924206633	-0.192852292586677	-1.02393639677744	-0.284247765441831	-0.217330634601903	2.07663343857207	-0.089039297318722	-0.0418813221216747	-0.182325373782283	0.231393676901668	0.24417472858758	0.190153970514503
"x55"	0.167244047358665	-0.0134578648144239	-0.152209139244866	-0.2135801290107	0.0830873640521675	-0.338927389541555	-0.120260134224324	-0.73689059314099	-0.230096829229059	-0.0602626668440116	0.581238431242159	0.746712540732014	-0.955761715523866	1.06482963701665	-1.33740882762322	0.726957681836944	0.788785586958417
"x56"	0.197915604159877	0.24253678573041	0.192716984444621	0.0758242305298591	-0.0256341092122901	-1.20776633586481	0.112760911937544	0.365732010126389	0.361929462306779	0.432191054982716	0.492827495435035	0.0356179248451763	0.112561953539748	0.721862028085932	-1.51303095738572	-1.24673461992024	0.648689576258962
"x57"	0.44529473360243	0.470074437681189	0.135500354543165	-0.0294860295257	0.139540295464318	0.127526752962998	0.018113128066672	-0.748900220476116	-0.238976809998948	-0.0517047278451842	0.920121771335977	1.08876462058064	-0.830863167342145	-0.776205416412523	-0.852341604367264	1.04473259862666	-0.861190716896181
"x58"	-0.219435332974842	-0.702475139368908	0.128912460537124	0.0735417853395638	-0.475898826605421	0.375370278985658	0.724502578344407	0.543597150719314	0.669035145306991	0.578357467589343	0.21617879547122	-0.277654561162812	-0.453598259737904	-0.91472383295109	-0.957124673172125	-0.71617805650808	1.40759302018758
"x59"	0.150129092857274	0.0625145569446069	0.212135963652658	-0.0772567487504218	-0.000754802809758042	-0.45157643365226	0.0809465869520413	0.0256756526860288	0.0322048411164049	-0.0815610653518839	-0.546275647364804	-0.432382665605345	-0.754466344504166	1.42207179026833	-0.985273461395477	-0.0236140526412442	1.36748273759801
"x60"	0.315778354462374	0.358521069877157	0.367794214985132	0.0819478453618754	0.272806404574086	-0.133221620195408	0.293739940811104	-0.188989244831748	0.128011127599928	0.189734934944289	-0.392617461524531	-0.554574336315456	-0.956916529511498	-0.899185609609325	1.4096742429205	0.811528119611039	-1.1040314531595
"x61"	0.411214020553942	0.069041130645962	0.261388528826261	0.0325490122026217	0.368050270626315	-0.812252468624061	0.0661061691029329	-0.308214988215058	0.0244410816059507	0.0837655220125571	-0.559420535673969	0.998655334323735	0.9414458769539	-0.961307312722541	-0.92490676023014	1.13390526116237	-0.82446014255077
"x62"	0.0558147513496673	-0.17681934535834	-0.0857339883445711	-0.112442344947142	-0.171786174484546	-0.164797679036076	-0.0434132490740239	-0.265947765618789	-0.0599160766684557	0.0274025139931034	-0.492666728662651	0.0190647424100023	-0.0995300195247492	1.3414329580056	1.62010884831864	-0.489724577487722	-0.901045864869936
"x63"	0.231250267694281	0.309789179975211	-0.0205555107696061	-0.227267592801594	-0.118451160222269	-0.201441583142509	-0.109664552389194	-0.685391087027122	-0.234415792909178	0.080108095717879	-0.172550271809641	1.12470542177441	1.12390415974162	-0.838909791040822	-0.883546239057864	-0.586366680974581	1.20880313724097
"x64"	0.136770999264304	0.0102589758924431	-0.261113450763732	-0.310422259192902	-0.0769778535477757	-0.732728417947139	-0.394706173998391	-0.956120817516068	-0.576320964922509	-0.35750724807964	0.100198910604767	0.590785040168669	-0.896270815899024	1.08672912955993	1.26906545539582	0.792483214645926	0.575876276335321
"x65"	0.301421273907093	0.0540266136806534	0.39868222452343	0.362746190729883	0.191911103348222	0.293607396568054	0.464294451249642	0.368383712910576	0.423706575190852	0.300938495830618	0.0752839257121596	-0.961706441740409	-0.797103444715184	-1.05275356777936	1.42477473910815	-0.835382985105567	-1.01283026341881
"x66"	-0.06359512374011	-0.476478184274342	0.111609285944057	0.141897058637337	-0.294687493485516	0.0393864409688156	0.732987096984367	0.503682565129524	0.792272098534417	0.777194539251422	0.461564456749556	-0.612676677693532	-0.896254052253118	1.20315620262725	-0.933329226138457	-0.44024337840236	-1.04648560883931
"x67"	0.111592372818156	-0.0255005454262944	-0.290928366125852	-0.509979563565095	-0.153173652361548	-0.718272138861723	-0.509024744813837	-1.07497747271528	-0.483558114913115	-0.262547725263075	0.442062352269347	0.585300476267379	0.758711183435191	0.971579750606094	1.08992192352625	-0.689951194290786	0.758745459414177
"x68"	0.144913309506161	0.236832859053913	-0.303214211191875	-0.469884578581946	-0.00885983439857544	-0.281521750322023	-0.649476465726409	-1.71558455023186	-0.920966881546291	-0.417237728047924	-0.0385288065809011	0.418395609843979	0.495857193850534	0.442932674299398	0.59240675344514	0.635166134644965	1.8387702719837
"x69"	0.323282222049499	0.338606306300313	0.38071020301699	0.396229771099678	0.286280996686023	0.336405077459466	0.49007910762486	0.326272580106504	0.492486174876917	0.613010535307306	0.443093151871106	0.398950810457961	0.436094725796497	-1.67457988203498	-1.67362677837104	-0.337333292981996	-1.57596170926511
"x70"	-0.0808226554789124	-0.194277172799328	-0.0888888918196152	-0.166968933180993	-0.384566959373475	-0.417418684247348	0.177140965660407	-0.0346879837462496	0.282808170188352	0.214646902079754	0.0177458462762445	-0.247734056427024	-0.362168505161843	-0.5193225435133	0.0133472901912106	2.27335008597076	-0.482182874618623
"x71"	0.112835111682764	0.142494690103969	-0.353671328810938	-0.477143181034387	1.69771282282903	-0.218152309486575	-0.59215677572427	-1.61833306542187	-0.760334486516121	-0.484528470114361	-0.0678859245481141	0.465305547136294	0.373320313398286	0.246815006163421	0.517972939273197	0.615392798939926	0.400356312129726
"x72"	-0.20026747680121	-0.408199327468643	0.0791587921446376	0.0708839540380284	-0.307039317025115	0.406604379042183	0.700622029449871	0.444180751942379	0.674548185862531	0.664586991560417	0.466245787825522	0.0670353883874488	-0.925522315548967	-0.867321229636083	-1.13076547801539	1.1751493578895	-0.909900473647075
"x73"	-0.214142646100408	-0.503066158298967	0.138948323485455	0.357870288203397	-0.0620792926652732	0.86444661966111	0.924316391686513	0.288502369482742	0.901830138904283	0.985421438786695	0.92538748058592	-0.406585181726718	-0.674180676091838	-0.925057626220025	-0.870850095107378	-0.912340218374369	-0.818421156211135
"x74"	-0.0309042637279916	-0.0921174261648961	0.108310416650086	0.0766208527629998	-0.0330328568173789	0.0358710395995743	0.273237333489508	0.160084749537611	0.346895970406108	0.335649171787323	0.19333602472657	0.108627349539138	0.196509805319473	-2.79098152200475	0.412458802281273	0.376878232665861	0.322556319949496
"x75"	0.374209011688493	0.267859602377514	0.472043675560284	0.457418418788641	0.525434549075665	0.487979144485178	0.493416984091138	0.258663108753006	0.476916294262332	0.541825329437672	0.560535718896482	0.722712806488708	-1.23069117141485	-1.27586086853116	-1.23433692260149	-0.855993207969977	-1.04213247338762
"x76"	0.988751246506175	0.786025726538054	0.945033976221071	0.927487057958246	0.834086300355734	0.513404080094072	0.193196712027876	0.27723366190206	0.308805883346058	0.307050667154329	-0.160668475577234	-0.810696793270968	-0.789040981720611	-0.933309686758904	-1.13900020080402	-1.35531165106829	-0.893047522903642
"x77"	0.0937727342638252	0.167455456284309	-0.359534197612314	-0.522392251657057	-0.0960072584260375	-0.194543722226452	-0.66907548369878	-1.54702269482436	-0.70519721222093	-0.407554766159956	0.0121019604502298	0.396005125045257	0.34326360250264	2.09630165009177	0.462439561311451	0.458227300015304	0.471760196861113
"x78"	0.467334639831423	0.763110143853157	0.562370047631504	0.451500936704609	-0.592550455651925	0.563625850153909	0.858942320996424	0.754522791745049	0.817181108669912	0.608291401795601	-0.572054561745889	-0.711041003735578	-0.793332974117983	-0.896363577645466	-0.891023198928666	-0.532912685122112	-0.857600784433976
"x79"	0.0385999608215794	-0.292794181276942	0.161928273607073	0.124523283628873	-0.209037757665583	0.479727852535965	0.490185438415934	0.270848283236178	0.435255285016418	0.237201442785493	-0.519327885370186	-0.737155283901743	1.10661924007767	-0.938101768291747	-0.88068044338079	1.11502861232186	-0.882820352560061
"x80"	0.363849477529931	0.393325546587772	0.106656965357303	0.122537069380868	0.181030106254247	0.272828999246566	0.184001742012271	-0.390154106984642	-0.0351487331324306	-0.0400858995517714	-0.42919555058088	-0.531706161065379	-0.824745755059056	-0.891230680323672	-1.02844931533797	1.25227080267494	1.2942154929919
"x81"	-0.569721763001653	-0.818769727758392	-0.56170442777774	-0.532863114663901	-0.575460949531905	-0.350726530487575	0.14169961516865	0.167706848351064	0.572785278023199	0.738402515351985	0.374386765244631	0.248840588765245	0.551915679410949	0.40274158205116	0.643156285455008	-1.05546098206602	0.623072337465321
"x82"	0.209904407682905	0.149104645080453	-0.0363356405813514	-0.117753197836057	0.210252421736972	-0.200672160194418	-0.0893347292363256	-0.620909229959872	-0.229300631987422	0.0170961164668362	0.174900424282803	0.162853337256148	-0.719071598308748	-1.00274930966474	1.48323646038354	-0.623711225045656	1.23248990992491
"x83"	0.215043842184874	0.0820712584279422	0.286334071731684	0.288988085099889	0.217362619737694	0.152107328928398	0.379083002448257	0.266031637708958	0.477646866906233	0.4820467859563	0.295295465922335	-0.129599425510348	0.00639699633315751	-2.29964530322185	0.419995815469086	-1.40024602835135	0.261086980228751
"x84"	0.166482200538714	0.21118992986243	-0.395937856358089	-0.548182954517635	-0.00951137844673483	-0.299379409799564	-0.770341739406093	-1.82398336200389	-0.893906201478787	-0.501696836011078	1.39278592565573	0.536681016372141	0.543956212091577	0.495695090591453	0.627897068718207	0.752022967571236	0.516229326620375
"x85"	0.318540322875462	0.126221778300689	0.167934657774998	-0.095381609350586	0.193174948771436	-0.264726704782915	-0.0367459131535529	-0.279845611853091	-0.00692569881427758	0.0420826217692519	-0.63550732628768	-0.595608229136058	1.22710189051488	-0.856572787895569	1.47172276242908	-0.782779492149668	0.00731439098760173
"x86"	0.253506602588316	0.407641421634544	-0.0461590673037828	-0.12656317288991	0.101628929108769	-0.144140843753459	-0.209718471888234	-0.977884753091634	-0.437145114748189	-0.388302044106278	-0.0908788425659241	-0.875566080520831	0.355183440249386	-1.08052740684184	1.3203390959343	0.941860449190451	0.996725859004317
"x87"	0.00616735326186459	0.132648607936893	0.0796052894355982	-0.0620250589971893	0.0449715150161122	-0.0319100471918244	0.00933020057126565	-0.103983309223215	0.0908475089079808	0.301249732850163	0.130884417121951	-1.88124313168096	-0.166446109945281	0.772428162526742	0.837886974381066	-0.403276977448807	0.242864872477638
"x88"	0.237625440485812	0.120356154375767	-0.160694032238501	-0.238022126039664	0.0814089805581797	-0.0327553993126584	-0.0492393880699816	-0.648462678359607	-0.374070646455151	-0.17585525485613	-0.754264506015956	0.886846724250425	0.928204134945037	-0.934513992700977	1.45333380890451	0.490076232857024	-0.829973452328138
"x89"	0.380653189366279	0.516475971586495	0.0397082358266075	0.0701407121927379	0.125024033826757	-0.0547018977010325	-0.0777481602535048	-0.49584611466818	-0.0936210201049878	-0.122675476478907	-0.249702768341404	1.10866030918402	-0.906881570292388	1.44673398144051	-0.797343846052037	-0.00175104433940493	-0.887124535191604
"x90"	-0.244453011801585	-0.480504694286119	-0.577647038016296	-0.748985860914921	-0.668523815742938	-0.49636713783072	0.0267208618644664	-0.559708176167488	0.129888947814275	0.213243914464142	0.33859369643229	0.408103058460783	0.714945681464891	-0.762525314532488	1.31339880684691	0.767319331657431	0.626500750287363
"x91"	0.460600017858547	0.76833497274757	0.388443126685665	0.36838281391556	0.346528104165783	0.160457514723804	0.305605544865061	-0.380145788809712	0.234878651519316	0.230043747771625	-0.649970953927343	-0.790378474909152	1.50494247888766	-0.865614272360111	-0.811226721833996	-0.50410277730451	-0.766777983995782
"x92"	0.359584197562489	0.352703226851534	1.00243007064769	-0.323997120916067	0.0319287682057785	-0.218736599352108	-0.780110722564382	-1.99748837331525	-0.99024208030376	-0.574623877012645	0.037842113496911	0.522490672039731	0.445686290195485	0.419579046309926	0.474025048311626	0.83047089734302	0.408458442500042
"x93"	0.258772686710104	0.0735051953310672	0.343166309449247	0.250595766907825	0.197536638132523	0.0400147675575535	0.384118809544298	0.356317395996284	0.508424938335856	0.579097664397983	0.368160909420164	0.242501722312614	0.352613845868471	0.457811684380071	-2.00756650834693	-0.375855524576316	-2.02921630142081
"x94"	-0.598950758943664	-0.674141032322974	-0.535454755713356	-0.145344403724119	-0.584982094801583	0.641074855002403	0.934921422632846	-0.224250955500868	0.844540957772378	1.17202187308519	0.481036878186961	0.125622694370361	-0.148890869268598	-0.589713986640549	0.286362668963261	-0.493549586107445	-0.490302906990265
"x95"	0.155785851208141	0.20342296759468	-0.0321875849583057	-0.181802734863669	-0.0147832050842564	-0.0904309448946344	-0.104395323754909	-0.703821312406657	-0.264943824219593	-0.402860465750688	-0.690566607493825	0.844087276642537	-0.647309170960217	-1.14092678141062	1.26058147890135	0.899421462073731	0.910728919376946
"x96"	0.271016116263519	0.24438250586246	-0.0743629308793003	-0.232779154867324	-0.0808238171815812	-0.128157982657424	-0.0855704913702324	-0.833964962643563	-0.296874995545288	-0.0859714137231671	-0.0978323060814642	-0.957638368289795	1.00702191893061	1.11399039220351	-1.21266214118446	0.451958919573551	0.998268711589969
"x97"	0.0603389158309068	0.0944115134959145	-0.37315707339703	-0.493981435797827	-0.0538307728664693	-0.349291018102505	-0.54105698945947	-1.37981681366093	-0.712334234308529	-0.415227280483567	0.0452075475582686	0.430147625196588	0.301627794939625	0.243732073135267	0.478130344724059	2.29052217733725	0.374577625858443
"x98"	0.101477450988052	-0.0498574673327051	0.115339442973754	0.0133200248729155	-0.349981538623395	-0.673357053041943	0.553726457517979	0.481971777921688	0.717871167727909	0.738502425712599	0.863226394789016	1.21501437660473	-0.638597612915527	-0.926877245691267	-0.901944850467106	-0.679396369369465	-0.580437381667263
"x99"	-0.0404728720816484	0.0788643798144442	-0.367696664537685	-0.479429247858139	0.0180180946760725	-0.183284039611646	-0.510572924548243	-1.40902472745181	-0.641357197778008	-0.364672385094536	-0.0151991768806355	0.360621273278369	0.303152441390005	0.230041229630758	2.30763734910818	0.420831538270699	0.292542929673832
"x100"	0.078851449260301	0.248297895674231	-0.414968342872165	-0.508537819580561	-0.065798724194481	1.3768848593878	-0.703708315436069	-1.82283331475382	-0.929846953332995	-0.536079629496971	0.0501734943308141	0.538118547401112	0.464914331291897	0.39560775297027	0.587308706068623	0.766639927958774	0.474976135323235
